\begin{table}
\caption{Korrelationsmatrix for datasættets variable.}
\label{tab:corr_matrix}
\begin{tabular}{lrrrrrrrrrrrrrr}
\toprule
 & crim & zn & indus & chas & nox & rm & age & dis & rad & tax & ptratio & lstat & medv & nox_dum \\
\midrule
crim & 1.00 & -0.20 & 0.41 & -0.06 & 0.42 & -0.22 & 0.35 & -0.38 & 0.63 & 0.58 & 0.29 & 0.46 & -0.39 & 0.44 \\
zn & -0.20 & 1.00 & -0.53 & -0.04 & -0.52 & 0.31 & -0.57 & 0.66 & -0.31 & -0.31 & -0.39 & -0.41 & 0.36 & -0.30 \\
indus & 0.41 & -0.53 & 1.00 & 0.06 & 0.76 & -0.39 & 0.64 & -0.71 & 0.60 & 0.72 & 0.38 & 0.60 & -0.48 & 0.71 \\
chas & -0.06 & -0.04 & 0.06 & 1.00 & 0.09 & 0.09 & 0.09 & -0.10 & -0.01 & -0.04 & -0.12 & -0.05 & 0.18 & 0.06 \\
nox & 0.42 & -0.52 & 0.76 & 0.09 & 1.00 & -0.30 & 0.73 & -0.77 & 0.61 & 0.67 & 0.19 & 0.59 & -0.43 & 0.84 \\
rm & -0.22 & 0.31 & -0.39 & 0.09 & -0.30 & 1.00 & -0.24 & 0.21 & -0.21 & -0.29 & -0.36 & -0.61 & 0.70 & -0.19 \\
age & 0.35 & -0.57 & 0.64 & 0.09 & 0.73 & -0.24 & 1.00 & -0.75 & 0.46 & 0.51 & 0.26 & 0.60 & -0.38 & 0.61 \\
dis & -0.38 & 0.66 & -0.71 & -0.10 & -0.77 & 0.21 & -0.75 & 1.00 & -0.49 & -0.53 & -0.23 & -0.50 & 0.25 & -0.62 \\
rad & 0.63 & -0.31 & 0.60 & -0.01 & 0.61 & -0.21 & 0.46 & -0.49 & 1.00 & 0.91 & 0.46 & 0.49 & -0.38 & 0.59 \\
tax & 0.58 & -0.31 & 0.72 & -0.04 & 0.67 & -0.29 & 0.51 & -0.53 & 0.91 & 1.00 & 0.46 & 0.54 & -0.47 & 0.69 \\
ptratio & 0.29 & -0.39 & 0.38 & -0.12 & 0.19 & -0.36 & 0.26 & -0.23 & 0.46 & 0.46 & 1.00 & 0.37 & -0.51 & 0.13 \\
lstat & 0.46 & -0.41 & 0.60 & -0.05 & 0.59 & -0.61 & 0.60 & -0.50 & 0.49 & 0.54 & 0.37 & 1.00 & -0.74 & 0.48 \\
medv & -0.39 & 0.36 & -0.48 & 0.18 & -0.43 & 0.70 & -0.38 & 0.25 & -0.38 & -0.47 & -0.51 & -0.74 & 1.00 & -0.30 \\
nox_dum & 0.44 & -0.30 & 0.71 & 0.06 & 0.84 & -0.19 & 0.61 & -0.62 & 0.59 & 0.69 & 0.13 & 0.48 & -0.30 & 1.00 \\
\bottomrule
\end{tabular}
\end{table}
